	fuel_cooking	fuel_cooking_Electricity_Gas	fuel_cooking_Paraffin_Stove	fuel_cooking_Open_fires_inside	fuel_cooking_Open_fires_outside	fuel_heating	fuel_heating_Electricity	fuel_heating_Gas	fuel_cooking_heating_Paraffin	fuel_heating_Wood_Coal	fuel_heating_Other
0	1	1.0	0.0	0.0	0.0	3	0.0	0.0	1.0	0.0	0.0
1	1	1.0	0.0	0.0	0.0	1	1.0	0.0	0.0	0.0	0.0
2	1	1.0	0.0	0.0	0.0	1	1.0	0.0	0.0	0.0	0.0
3	1	1.0	0.0	0.0	0.0	1	1.0	0.0	0.0	0.0	0.0
4	1	1.0	0.0	0.0	0.0	1	1.0	0.0	0.0	0.0	0.0
5	1	1.0	0.0	0.0	0.0	2	0.0	1.0	0.0	0.0	0.0
6	1	1.0	0.0	0.0	0.0	1	1.0	0.0	0.0	0.0	0.0
7	1	1.0	0.0	0.0	0.0	3	0.0	0.0	1.0	0.0	0.0
8	1	1.0	0.0	0.0	0.0	3	0.0	0.0	1.0	0.0	0.0
9	NaN	NaN	NaN	NaN	NaN	NaN	NaN	NaN	NaN	NaN	NaN
10	1	1.0	0.0	0.0	0.0	3	0.0	0.0	1.0	0.0	0.0
11	1	1.0	0.0	0.0	0.0	1	1.0	0.0	0.0	0.0	0.0
12	1	1.0	0.0	0.0	0.0	3	0.0	0.0	1.0	0.0	0.0
13	1	1.0	0.0	0.0	0.0	3	0.0	0.0	1.0	0.0	0.0
14	1	1.0	0.0	0.0	0.0	3	0.0	0.0	1.0	0.0	0.0
15	1	1.0	0.0	0.0	0.0	1	1.0	0.0	0.0	0.0	0.0
16	1	1.0	0.0	0.0	0.0	3	0.0	0.0	1.0	0.0	0.0
17	1	1.0	0.0	0.0	0.0	3	0.0	0.0	1.0	0.0	0.0
18	1	1.0	0.0	0.0	0.0	1	1.0	0.0	0.0	0.0	0.0
19	1	1.0	0.0	0.0	0.0	1	1.0	0.0	0.0	0.0	0.0
20	1	1.0	0.0	0.0	0.0	3	0.0	0.0	1.0	0.0	0.0
21	1	1.0	0.0	0.0	0.0	3	0.0	0.0	1.0	0.0	0.0
22	1	1.0	0.0	0.0	0.0	3	0.0	0.0	1.0	0.0	0.0
23	1	1.0	0.0	0.0	0.0	3	0.0	0.0	1.0	0.0	0.0
24	1	1.0	0.0	0.0	0.0	3	0.0	0.0	1.0	0.0	0.0
25	1	1.0	0.0	0.0	0.0	1	1.0	0.0	0.0	0.0	0.0
26	1	1.0	0.0	0.0	0.0	3	0.0	0.0	1.0	0.0	0.0
27	1	1.0	0.0	0.0	0.0	3	0.0	0.0	1.0	0.0	0.0
28	1	1.0	0.0	0.0	0.0	1	1.0	0.0	0.0	0.0	0.0
29	1	1.0	0.0	0.0	0.0	3	0.0	0.0	1.0	0.0	0.0
30	1	1.0	0.0	0.0	0.0	3	0.0	0.0	1.0	0.0	0.0
31	1	1.0	0.0	0.0	0.0	3	0.0	0.0	1.0	0.0	0.0
32	1	1.0	0.0	0.0	0.0	1	1.0	0.0	0.0	0.0	0.0
33	1	1.0	0.0	0.0	0.0	1	1.0	0.0	0.0	0.0	0.0
34	1	1.0	0.0	0.0	0.0	3	0.0	0.0	1.0	0.0	0.0
35	1	1.0	0.0	0.0	0.0	2	0.0	1.0	0.0	0.0	0.0
36	1	1.0	0.0	0.0	0.0	3	0.0	0.0	1.0	0.0	0.0
37	1	1.0	0.0	0.0	0.0	2	0.0	1.0	0.0	0.0	0.0
38	1	1.0	0.0	0.0	0.0	3	0.0	0.0	1.0	0.0	0.0
39	1	1.0	0.0	0.0	0.0	1	1.0	0.0	0.0	0.0	0.0
40	1	1.0	0.0	0.0	0.0	3	0.0	0.0	1.0	0.0	0.0
41	1	1.0	0.0	0.0	0.0	3	0.0	0.0	1.0	0.0	0.0
42	1	1.0	0.0	0.0	0.0	3	0.0	0.0	1.0	0.0	0.0
43	NaN	NaN	NaN	NaN	NaN	NaN	NaN	NaN	NaN	NaN	NaN
44	1	1.0	0.0	0.0	0.0	1;3	1.0	0.0	1.0	0.0	0.0
45	1	1.0	0.0	0.0	0.0	3	0.0	0.0	1.0	0.0	0.0
46	1	1.0	0.0	0.0	0.0	3	0.0	0.0	1.0	0.0	0.0
47	1	1.0	0.0	0.0	0.0	3	0.0	0.0	1.0	0.0	0.0
48	1	1.0	0.0	0.0	0.0	3	0.0	0.0	1.0	0.0	0.0
49	1	1.0	0.0	0.0	0.0	3	0.0	0.0	1.0	0.0	0.0
50	1	1.0	0.0	0.0	0.0	3	0.0	0.0	1.0	0.0	0.0
51	1	1.0	0.0	0.0	0.0	1	1.0	0.0	0.0	0.0	0.0
52	1	1.0	0.0	0.0	0.0	1	1.0	0.0	0.0	0.0	0.0
53	1	1.0	0.0	0.0	0.0	3	0.0	0.0	1.0	0.0	0.0
54	1	1.0	0.0	0.0	0.0	1	1.0	0.0	0.0	0.0	0.0
55	1	1.0	0.0	0.0	0.0	1	1.0	0.0	0.0	0.0	0.0
56	1	1.0	0.0	0.0	0.0	3	0.0	0.0	1.0	0.0	0.0
57	1	1.0	0.0	0.0	0.0	3	0.0	0.0	1.0	0.0	0.0
58	1;4	1.0	0.0	0.0	1.0	5	0.0	0.0	0.0	0.0	1.0
59	1;4	1.0	0.0	0.0	1.0	1	1.0	0.0	0.0	0.0	0.0
60	1;4	1.0	0.0	0.0	1.0	3	0.0	0.0	1.0	0.0	0.0
61	1;4	1.0	0.0	0.0	1.0	3	0.0	0.0	1.0	0.0	0.0
62	1	1.0	0.0	0.0	0.0	3	0.0	0.0	1.0	0.0	0.0
63	1	1.0	0.0	0.0	0.0	3	0.0	0.0	1.0	0.0	0.0
64	1	1.0	0.0	0.0	0.0	3	0.0	0.0	1.0	0.0	0.0
65	1;4	1.0	0.0	0.0	1.0	1	1.0	0.0	0.0	0.0	0.0
66	1	1.0	0.0	0.0	0.0	3	0.0	0.0	1.0	0.0	0.0
67	1	1.0	0.0	0.0	0.0	3	0.0	0.0	1.0	0.0	0.0
68	1	1.0	0.0	0.0	0.0	3	0.0	0.0	1.0	0.0	0.0
69	1;4	1.0	0.0	0.0	1.0	4	0.0	0.0	0.0	1.0	0.0
70	1	1.0	0.0	0.0	0.0	1	1.0	0.0	0.0	0.0	0.0
71	4	0.0	0.0	0.0	1.0	4	0.0	0.0	0.0	1.0	0.0
72	1	1.0	0.0	0.0	0.0	3	0.0	0.0	1.0	0.0	0.0
73	1	1.0	0.0	0.0	0.0	1;3	1.0	0.0	1.0	0.0	0.0
74	1	1.0	0.0	0.0	0.0	3	0.0	0.0	1.0	0.0	0.0
75	1;2;4	1.0	1.0	0.0	1.0	3	0.0	0.0	1.0	0.0	0.0
76	1	1.0	0.0	0.0	0.0	3	0.0	0.0	1.0	0.0	0.0
77	1	1.0	0.0	0.0	0.0	3	0.0	0.0	1.0	0.0	0.0
78	1	1.0	0.0	0.0	0.0	3	0.0	0.0	1.0	0.0	0.0
79	1	1.0	0.0	0.0	0.0	3	0.0	0.0	1.0	0.0	0.0
80	2;4	0.0	1.0	0.0	1.0	3	0.0	0.0	1.0	0.0	0.0
81	1;2	1.0	1.0	0.0	0.0	3	0.0	0.0	1.0	0.0	0.0
82	1;4	1.0	0.0	0.0	1.0	3	0.0	0.0	1.0	0.0	0.0
83	1	1.0	0.0	0.0	0.0	3	0.0	0.0	1.0	0.0	0.0
84	1	1.0	0.0	0.0	0.0	3	0.0	0.0	1.0	0.0	0.0
85	1	1.0	0.0	0.0	0.0	3	0.0	0.0	1.0	0.0	0.0
86	1	1.0	0.0	0.0	0.0	3	0.0	0.0	1.0	0.0	0.0
87	1	1.0	0.0	0.0	0.0	3	0.0	0.0	1.0	0.0	0.0
88	1	1.0	0.0	0.0	0.0	3	0.0	0.0	1.0	0.0	0.0
89	1;2	1.0	1.0	0.0	0.0	3	0.0	0.0	1.0	0.0	0.0
90	1;2	1.0	1.0	0.0	0.0	3	0.0	0.0	1.0	0.0	0.0
91	1	1.0	0.0	0.0	0.0	3	0.0	0.0	1.0	0.0	0.0
92	1	1.0	0.0	0.0	0.0	1	1.0	0.0	0.0	0.0	0.0
93	1;4	1.0	0.0	0.0	1.0	3	0.0	0.0	1.0	0.0	0.0
94	1	1.0	0.0	0.0	0.0	NaN	NaN	NaN	NaN	NaN	NaN
95	1	1.0	0.0	0.0	0.0	3	0.0	0.0	1.0	0.0	0.0
96	1	1.0	0.0	0.0	0.0	3	0.0	0.0	1.0	0.0	0.0
97	1;4	1.0	0.0	0.0	1.0	3	0.0	0.0	1.0	0.0	0.0
98	1;4	1.0	0.0	0.0	1.0	3	0.0	0.0	1.0	0.0	0.0
99	1	1.0	0.0	0.0	0.0	3	0.0	0.0	1.0	0.0	0.0
100	1	1.0	0.0	0.0	0.0	3	0.0	0.0	1.0	0.0	0.0
101	1	1.0	0.0	0.0	0.0	3	0.0	0.0	1.0	0.0	0.0
102	1	1.0	0.0	0.0	0.0	3	0.0	0.0	1.0	0.0	0.0
103	1	1.0	0.0	0.0	0.0	3	0.0	0.0	1.0	0.0	0.0
104	1;3;4	1.0	0.0	1.0	1.0	4	0.0	0.0	0.0	1.0	0.0
105	1	1.0	0.0	0.0	0.0	3	0.0	0.0	1.0	0.0	0.0
106	1;2	1.0	1.0	0.0	0.0	3	0.0	0.0	1.0	0.0	0.0
107	1	1.0	0.0	0.0	0.0	3	0.0	0.0	1.0	0.0	0.0
108	1	1.0	0.0	0.0	0.0	2;3	0.0	1.0	1.0	0.0	0.0
109	1	1.0	0.0	0.0	0.0	1	1.0	0.0	0.0	0.0	0.0
110	1	1.0	0.0	0.0	0.0	3	0.0	0.0	1.0	0.0	0.0
111	1	1.0	0.0	0.0	0.0	5	0.0	0.0	0.0	0.0	1.0
112	1	1.0	0.0	0.0	0.0	5	0.0	0.0	0.0	0.0	1.0
113	1;3	1.0	0.0	1.0	0.0	4	0.0	0.0	0.0	1.0	0.0
114	1;4	1.0	0.0	0.0	1.0	3	0.0	0.0	1.0	0.0	0.0
115	1	1.0	0.0	0.0	0.0	3	0.0	0.0	1.0	0.0	0.0
116	1	1.0	0.0	0.0	0.0	2	0.0	1.0	0.0	0.0	0.0
117	1	1.0	0.0	0.0	0.0	3	0.0	0.0	1.0	0.0	0.0
118	1	1.0	0.0	0.0	0.0	5	0.0	0.0	0.0	0.0	1.0
119	1	1.0	0.0	0.0	0.0	3	0.0	0.0	1.0	0.0	0.0
120	1	1.0	0.0	0.0	0.0	1	1.0	0.0	0.0	0.0	0.0
121	1	1.0	0.0	0.0	0.0	3	0.0	0.0	1.0	0.0	0.0
122	1	1.0	0.0	0.0	0.0	3	0.0	0.0	1.0	0.0	0.0
123	1	1.0	0.0	0.0	0.0	3	0.0	0.0	1.0	0.0	0.0
124	1	1.0	0.0	0.0	0.0	3	0.0	0.0	1.0	0.0	0.0
125	1	1.0	0.0	0.0	0.0	3	0.0	0.0	1.0	0.0	0.0
126	1	1.0	0.0	0.0	0.0	1	1.0	0.0	0.0	0.0	0.0
127	1	1.0	0.0	0.0	0.0	3	0.0	0.0	1.0	0.0	0.0
128	1	1.0	0.0	0.0	0.0	3	0.0	0.0	1.0	0.0	0.0
129	1	1.0	0.0	0.0	0.0	3	0.0	0.0	1.0	0.0	0.0
130	1	1.0	0.0	0.0	0.0	3	0.0	0.0	1.0	0.0	0.0
131	1	1.0	0.0	0.0	0.0	3	0.0	0.0	1.0	0.0	0.0
132	1	1.0	0.0	0.0	0.0	3	0.0	0.0	1.0	0.0	0.0
133	1	1.0	0.0	0.0	0.0	3	0.0	0.0	1.0	0.0	0.0
134	1	1.0	0.0	0.0	0.0	3	0.0	0.0	1.0	0.0	0.0
135	1	1.0	0.0	0.0	0.0	3	0.0	0.0	1.0	0.0	0.0
136	1	1.0	0.0	0.0	0.0	3	0.0	0.0	1.0	0.0	0.0
137	1	1.0	0.0	0.0	0.0	3	0.0	0.0	1.0	0.0	0.0
138	1	1.0	0.0	0.0	0.0	3	0.0	0.0	1.0	0.0	0.0
139	1	1.0	0.0	0.0	0.0	1	1.0	0.0	0.0	0.0	0.0
140	1	1.0	0.0	0.0	0.0	3	0.0	0.0	1.0	0.0	0.0
141	1	1.0	0.0	0.0	0.0	3	0.0	0.0	1.0	0.0	0.0
142	1	1.0	0.0	0.0	0.0	1	1.0	0.0	0.0	0.0	0.0
143	1	1.0	0.0	0.0	0.0	1	1.0	0.0	0.0	0.0	0.0
144	1	1.0	0.0	0.0	0.0	1;3	1.0	0.0	1.0	0.0	0.0
145	1	1.0	0.0	0.0	0.0	3	0.0	0.0	1.0	0.0	0.0
146	1	1.0	0.0	0.0	0.0	1;3	1.0	0.0	1.0	0.0	0.0
147	1	1.0	0.0	0.0	0.0	3	0.0	0.0	1.0	0.0	0.0
148	1	1.0	0.0	0.0	0.0	1;2	1.0	1.0	0.0	0.0	0.0
149	1	1.0	0.0	0.0	0.0	3	0.0	0.0	1.0	0.0	0.0
150	1	1.0	0.0	0.0	0.0	2	0.0	1.0	0.0	0.0	0.0
151	1	1.0	0.0	0.0	0.0	3	0.0	0.0	1.0	0.0	0.0
152	1	1.0	0.0	0.0	0.0	3	0.0	0.0	1.0	0.0	0.0
153	1	1.0	0.0	0.0	0.0	3	0.0	0.0	1.0	0.0	0.0
154	1	1.0	0.0	0.0	0.0	1;3	1.0	0.0	1.0	0.0	0.0
155	1	1.0	0.0	0.0	0.0	3	0.0	0.0	1.0	0.0	0.0
156	1	1.0	0.0	0.0	0.0	3	0.0	0.0	1.0	0.0	0.0
157	1	1.0	0.0	0.0	0.0	1	1.0	0.0	0.0	0.0	0.0
158	1	1.0	0.0	0.0	0.0	5	0.0	0.0	0.0	0.0	1.0
159	1	1.0	0.0	0.0	0.0	5	0.0	0.0	0.0	0.0	1.0
160	1	1.0	0.0	0.0	0.0	3	0.0	0.0	1.0	0.0	0.0
161	1	1.0	0.0	0.0	0.0	3	0.0	0.0	1.0	0.0	0.0
162	1	1.0	0.0	0.0	0.0	3	0.0	0.0	1.0	0.0	0.0
163	1	1.0	0.0	0.0	0.0	1	1.0	0.0	0.0	0.0	0.0
164	1	1.0	0.0	0.0	0.0	3	0.0	0.0	1.0	0.0	0.0
165	1	1.0	0.0	0.0	0.0	3	0.0	0.0	1.0	0.0	0.0
166	1	1.0	0.0	0.0	0.0	1	1.0	0.0	0.0	0.0	0.0
167	1;2	1.0	1.0	0.0	0.0	1	1.0	0.0	0.0	0.0	0.0
168	2;4	0.0	1.0	0.0	1.0	4	0.0	0.0	0.0	1.0	0.0
169	2	0.0	1.0	0.0	0.0	4	0.0	0.0	0.0	1.0	0.0
170	1;4	1.0	0.0	0.0	1.0	4	0.0	0.0	0.0	1.0	0.0
171	4	0.0	0.0	0.0	1.0	4	0.0	0.0	0.0	1.0	0.0
172	2	0.0	1.0	0.0	0.0	4	0.0	0.0	0.0	1.0	0.0
173	2;4	0.0	1.0	0.0	1.0	4	0.0	0.0	0.0	1.0	0.0
174	2;4	0.0	1.0	0.0	1.0	3	0.0	0.0	1.0	0.0	0.0
175	4	0.0	0.0	0.0	1.0	4	0.0	0.0	0.0	1.0	0.0
176	2;4	0.0	1.0	0.0	1.0	3	0.0	0.0	1.0	0.0	0.0
177	2;4	0.0	1.0	0.0	1.0	3	0.0	0.0	1.0	0.0	0.0
178	2;4	0.0	1.0	0.0	1.0	3	0.0	0.0	1.0	0.0	0.0
179	4	0.0	0.0	0.0	1.0	4	0.0	0.0	0.0	1.0	0.0
180	4	0.0	0.0	0.0	1.0	5	0.0	0.0	0.0	0.0	1.0
181	2;4	0.0	1.0	0.0	1.0	4	0.0	0.0	0.0	1.0	0.0
182	2;4	0.0	1.0	0.0	1.0	3	0.0	0.0	1.0	0.0	0.0
183	1	1.0	0.0	0.0	0.0	1	1.0	0.0	0.0	0.0	0.0
184	2;4	0.0	1.0	0.0	1.0	3;4	0.0	0.0	1.0	1.0	0.0
185	2	0.0	1.0	0.0	0.0	3	0.0	0.0	1.0	0.0	0.0
186	2;4	0.0	1.0	0.0	1.0	3	0.0	0.0	1.0	0.0	0.0
187	2;4	0.0	1.0	0.0	1.0	4	0.0	0.0	0.0	1.0	0.0
188	2;4	0.0	1.0	0.0	1.0	3	0.0	0.0	1.0	0.0	0.0
189	1	1.0	0.0	0.0	0.0	4	0.0	0.0	0.0	1.0	0.0
190	2	0.0	1.0	0.0	0.0	5	0.0	0.0	0.0	0.0	1.0
191	4	0.0	0.0	0.0	1.0	4	0.0	0.0	0.0	1.0	0.0
192	1	1.0	0.0	0.0	0.0	3	0.0	0.0	1.0	0.0	0.0
193	2;4	0.0	1.0	0.0	1.0	3	0.0	0.0	1.0	0.0	0.0
194	2;4	0.0	1.0	0.0	1.0	4	0.0	0.0	0.0	1.0	0.0
195	1;2	1.0	1.0	0.0	0.0	5	0.0	0.0	0.0	0.0	1.0
196	2;4	0.0	1.0	0.0	1.0	3	0.0	0.0	1.0	0.0	0.0
197	2;4	0.0	1.0	0.0	1.0	4	0.0	0.0	0.0	1.0	0.0
198	2;4	0.0	1.0	0.0	1.0	3	0.0	0.0	1.0	0.0	0.0
199	4	0.0	0.0	0.0	1.0	4	0.0	0.0	0.0	1.0	0.0
200	2	0.0	1.0	0.0	0.0	3	0.0	0.0	1.0	0.0	0.0
201	4	0.0	0.0	0.0	1.0	4	0.0	0.0	0.0	1.0	0.0
202	2	0.0	1.0	0.0	0.0	4	0.0	0.0	0.0	1.0	0.0
203	4	0.0	0.0	0.0	1.0	4	0.0	0.0	0.0	1.0	0.0
204	2	0.0	1.0	0.0	0.0	3	0.0	0.0	1.0	0.0	0.0
205	4	0.0	0.0	0.0	1.0	4	0.0	0.0	0.0	1.0	0.0
206	2;4	0.0	1.0	0.0	1.0	3	0.0	0.0	1.0	0.0	0.0
207	2;4	0.0	1.0	0.0	1.0	3	0.0	0.0	1.0	0.0	0.0
208	4	0.0	0.0	0.0	1.0	4	0.0	0.0	0.0	1.0	0.0
209	4	0.0	0.0	0.0	1.0	4	0.0	0.0	0.0	1.0	0.0
210	2;4	0.0	1.0	0.0	1.0	5	0.0	0.0	0.0	0.0	1.0
211	1;4	1.0	0.0	0.0	1.0	4	0.0	0.0	0.0	1.0	0.0
212	2;4	0.0	1.0	0.0	1.0	4	0.0	0.0	0.0	1.0	0.0
213	1	1.0	0.0	0.0	0.0	3	0.0	0.0	1.0	0.0	0.0
214	2;4	0.0	1.0	0.0	1.0	4	0.0	0.0	0.0	1.0	0.0
215	1	1.0	0.0	0.0	0.0	3	0.0	0.0	1.0	0.0	0.0
216	NaN	NaN	NaN	NaN	NaN	3	0.0	0.0	1.0	0.0	0.0
